main.youtubev3videos.getVideos&200&items(main.getVideos&Input):::ENTER;input != null;daikon.inv.unary.scalar.NonZero;(input)
main.youtubev3videos.getVideos&200&items(main.getVideos&Input):::ENTER;input.part != null;daikon.inv.unary.scalar.NonZero;(input.part)
main.youtubev3videos.getVideos&200&items(main.getVideos&Input):::ENTER;input.chart == "mostPopular";daikon.inv.unary.string.OneOfString;(input.chart)
main.youtubev3videos.getVideos&200&items(main.getVideos&Input):::ENTER;input.myRating one of { "dislike", "like" };daikon.inv.unary.string.OneOfString;(input.myRating)
main.youtubev3videos.getVideos&200&items(main.getVideos&Input):::ENTER;size(input.part[]) >= 1;daikon.inv.unary.scalar.LowerBound;(size(input.part[..]))
main.youtubev3videos.getVideos&200&items(main.getVideos&Input):::ENTER;size(input.id[]) >= 1;daikon.inv.unary.scalar.LowerBound;(size(input.id[..]))
main.youtubev3videos.getVideos&200&items(main.getVideos&Input):::ENTER;input.chart in input.id[];daikon.inv.binary.sequenceString.MemberString;(input.chart, input.id[..])
main.youtubev3videos.getVideos&200&items(main.getVideos&Input):::ENTER;input.myRating in input.id[];daikon.inv.binary.sequenceString.MemberString;(input.id[..], input.myRating)
main.youtubev3videos.getVideos&200&items(main.getVideos&Input):::ENTER;input.regionCode in input.id[];daikon.inv.binary.sequenceString.MemberString;(input.id[..], input.regionCode)
main.youtubev3videos.getVideos&200&items(main.getVideos&Input):::ENTER;input.videoCategoryId in input.id[];daikon.inv.binary.sequenceString.MemberString;(input.id[..], input.videoCategoryId)
main.youtubev3videos.getVideos&200&items(main.getVideos&Input):::ENTER;input.maxHeight > input.maxResults;daikon.inv.binary.twoScalar.IntGreaterThan;(input.maxHeight, input.maxResults)
main.youtubev3videos.getVideos&200&items(main.getVideos&Input):::ENTER;input.maxHeight != input.maxWidth;daikon.inv.binary.twoScalar.IntNonEqual;(input.maxHeight, input.maxWidth)
main.youtubev3videos.getVideos&200&items(main.getVideos&Input):::ENTER;input.maxHeight > size(input.part[]);daikon.inv.binary.twoScalar.IntGreaterThan;(input.maxHeight, size(input.part[..]))
main.youtubev3videos.getVideos&200&items(main.getVideos&Input):::ENTER;input.maxHeight > size(input.id[]);daikon.inv.binary.twoScalar.IntGreaterThan;(input.maxHeight, size(input.id[..]))
main.youtubev3videos.getVideos&200&items(main.getVideos&Input):::ENTER;input.maxResults < input.maxWidth;daikon.inv.binary.twoScalar.IntLessThan;(input.maxResults, input.maxWidth)
main.youtubev3videos.getVideos&200&items(main.getVideos&Input):::ENTER;input.maxWidth > size(input.part[]);daikon.inv.binary.twoScalar.IntGreaterThan;(input.maxWidth, size(input.part[..]))
main.youtubev3videos.getVideos&200&items(main.getVideos&Input):::ENTER;input.maxWidth > size(input.id[]);daikon.inv.binary.twoScalar.IntGreaterThan;(input.maxWidth, size(input.id[..]))
main.youtubev3videos.getVideos&200&items(main.getVideos&Input):::EXIT;return.contentDetails.contentRating.djctqRatingReasons == return.suggestions.editorSuggestions;daikon.inv.binary.twoScalar.IntEqual;(return.contentDetails.contentRating.djctqRatingReasons, return.suggestions.editorSuggestions)
main.youtubev3videos.getVideos&200&items(main.getVideos&Input):::EXIT;return.contentDetails.contentRating.fpbRatingReasons == return.suggestions.editorSuggestions;daikon.inv.binary.twoScalar.IntEqual;(return.contentDetails.contentRating.fpbRatingReasons, return.suggestions.editorSuggestions)
main.youtubev3videos.getVideos&200&items(main.getVideos&Input):::EXIT;return.contentDetails.countryRestriction.exception == return.suggestions.editorSuggestions;daikon.inv.binary.twoScalar.IntEqual;(return.contentDetails.countryRestriction.exception, return.suggestions.editorSuggestions)
main.youtubev3videos.getVideos&200&items(main.getVideos&Input):::EXIT;return.contentDetails.hasCustomThumbnail == return.contentDetails.licensedContent;daikon.inv.binary.twoScalar.IntEqual;(return.contentDetails.hasCustomThumbnail, return.contentDetails.licensedContent)
main.youtubev3videos.getVideos&200&items(main.getVideos&Input):::EXIT;return.monetizationDetails.access.exception == return.suggestions.editorSuggestions;daikon.inv.binary.twoScalar.IntEqual;(return.monetizationDetails.access.exception, return.suggestions.editorSuggestions)
main.youtubev3videos.getVideos&200&items(main.getVideos&Input):::EXIT;return.snippet.thumbnails.high.width == return.snippet.thumbnails.standard.height;daikon.inv.binary.twoScalar.IntEqual;(return.snippet.thumbnails.high.width, return.snippet.thumbnails.standard.height)
main.youtubev3videos.getVideos&200&items(main.getVideos&Input):::EXIT;return.statistics.commentCount == return.statistics.dislikeCount;daikon.inv.binary.twoString.StringEqual;(return.statistics.commentCount, return.statistics.dislikeCount)
main.youtubev3videos.getVideos&200&items(main.getVideos&Input):::EXIT;return.statistics.dislikeCount == return.statistics.favoriteCount;daikon.inv.binary.twoString.StringEqual;(return.statistics.dislikeCount, return.statistics.favoriteCount)
main.youtubev3videos.getVideos&200&items(main.getVideos&Input):::EXIT;return.statistics.dislikeCount == return.statistics.likeCount;daikon.inv.binary.twoString.StringEqual;(return.statistics.dislikeCount, return.statistics.likeCount)
main.youtubev3videos.getVideos&200&items(main.getVideos&Input):::EXIT;return.status.embeddable == return.status.selfDeclaredMadeForKids;daikon.inv.binary.twoScalar.IntEqual;(return.status.embeddable, return.status.selfDeclaredMadeForKids)
main.youtubev3videos.getVideos&200&items(main.getVideos&Input):::EXIT;return.status.madeForKids == return.status.selfDeclaredMadeForKids;daikon.inv.binary.twoScalar.IntEqual;(return.status.madeForKids, return.status.selfDeclaredMadeForKids)
main.youtubev3videos.getVideos&200&items(main.getVideos&Input):::EXIT;return.status.publicStatsViewable == return.status.selfDeclaredMadeForKids;daikon.inv.binary.twoScalar.IntEqual;(return.status.publicStatsViewable, return.status.selfDeclaredMadeForKids)
main.youtubev3videos.getVideos&200&items(main.getVideos&Input):::EXIT;return.suggestions.editorSuggestions == return.suggestions.processingErrors;daikon.inv.binary.twoScalar.IntEqual;(return.suggestions.editorSuggestions, return.suggestions.processingErrors)
main.youtubev3videos.getVideos&200&items(main.getVideos&Input):::EXIT;return.suggestions.editorSuggestions == return.suggestions.processingHints;daikon.inv.binary.twoScalar.IntEqual;(return.suggestions.editorSuggestions, return.suggestions.processingHints)
main.youtubev3videos.getVideos&200&items(main.getVideos&Input):::EXIT;return.suggestions.editorSuggestions == return.suggestions.processingWarnings;daikon.inv.binary.twoScalar.IntEqual;(return.suggestions.editorSuggestions, return.suggestions.processingWarnings)
main.youtubev3videos.getVideos&200&items(main.getVideos&Input):::EXIT;return.suggestions.editorSuggestions == return.topicDetails.relevantTopicIds;daikon.inv.binary.twoScalar.IntEqual;(return.suggestions.editorSuggestions, return.topicDetails.relevantTopicIds)
main.youtubev3videos.getVideos&200&items(main.getVideos&Input):::EXIT;return.suggestions.editorSuggestions == return.topicDetails.topicIds;daikon.inv.binary.twoScalar.IntEqual;(return.suggestions.editorSuggestions, return.topicDetails.topicIds)
main.youtubev3videos.getVideos&200&items(main.getVideos&Input):::EXIT;input != null;daikon.inv.unary.scalar.NonZero;(input)
main.youtubev3videos.getVideos&200&items(main.getVideos&Input):::EXIT;input.part != null;daikon.inv.unary.scalar.NonZero;(input.part)
main.youtubev3videos.getVideos&200&items(main.getVideos&Input):::EXIT;input.chart == "mostPopular";daikon.inv.unary.string.OneOfString;(input.chart)
main.youtubev3videos.getVideos&200&items(main.getVideos&Input):::EXIT;input.myRating one of { "dislike", "like" };daikon.inv.unary.string.OneOfString;(input.myRating)
main.youtubev3videos.getVideos&200&items(main.getVideos&Input):::EXIT;return != null;daikon.inv.unary.scalar.NonZero;(return)
main.youtubev3videos.getVideos&200&items(main.getVideos&Input):::EXIT;return.ageGating == null;daikon.inv.unary.scalar.OneOfScalar;(return.ageGating)
main.youtubev3videos.getVideos&200&items(main.getVideos&Input):::EXIT;return.contentDetails.caption one of { "false", "true" };daikon.inv.unary.string.OneOfString;(return.contentDetails.caption)
main.youtubev3videos.getVideos&200&items(main.getVideos&Input):::EXIT;return.contentDetails.contentRating.ytRating == "ytAgeRestricted";daikon.inv.unary.string.OneOfString;(return.contentDetails.contentRating.ytRating)
main.youtubev3videos.getVideos&200&items(main.getVideos&Input):::EXIT;return.contentDetails.countryRestriction == null;daikon.inv.unary.scalar.OneOfScalar;(return.contentDetails.countryRestriction)
main.youtubev3videos.getVideos&200&items(main.getVideos&Input):::EXIT;return.contentDetails.definition one of { "hd", "sd" };daikon.inv.unary.string.OneOfString;(return.contentDetails.definition)
main.youtubev3videos.getVideos&200&items(main.getVideos&Input):::EXIT;return.contentDetails.dimension one of { "2d", "3d" };daikon.inv.unary.string.OneOfString;(return.contentDetails.dimension)
main.youtubev3videos.getVideos&200&items(main.getVideos&Input):::EXIT;return.contentDetails.hasCustomThumbnail == false;daikon.inv.unary.scalar.OneOfScalar;(return.contentDetails.hasCustomThumbnail)
main.youtubev3videos.getVideos&200&items(main.getVideos&Input):::EXIT;return.contentDetails.projection one of { "360", "rectangular" };daikon.inv.unary.string.OneOfString;(return.contentDetails.projection)
main.youtubev3videos.getVideos&200&items(main.getVideos&Input):::EXIT;return.fileDetails == null;daikon.inv.unary.scalar.OneOfScalar;(return.fileDetails)
main.youtubev3videos.getVideos&200&items(main.getVideos&Input):::EXIT;return.fileDetails.audioStreams == null;daikon.inv.unary.scalar.OneOfScalar;(return.fileDetails.audioStreams)
main.youtubev3videos.getVideos&200&items(main.getVideos&Input):::EXIT;return.fileDetails.videoStreams == null;daikon.inv.unary.scalar.OneOfScalar;(return.fileDetails.videoStreams)
main.youtubev3videos.getVideos&200&items(main.getVideos&Input):::EXIT;return.kind == "youtube#video";daikon.inv.unary.string.OneOfString;(return.kind)
main.youtubev3videos.getVideos&200&items(main.getVideos&Input):::EXIT;return.liveStreamingDetails.scheduledEndTime == "2022-10-04T18:00:00Z";daikon.inv.unary.string.OneOfString;(return.liveStreamingDetails.scheduledEndTime)
main.youtubev3videos.getVideos&200&items(main.getVideos&Input):::EXIT;return.monetizationDetails == null;daikon.inv.unary.scalar.OneOfScalar;(return.monetizationDetails)
main.youtubev3videos.getVideos&200&items(main.getVideos&Input):::EXIT;return.monetizationDetails.access == null;daikon.inv.unary.scalar.OneOfScalar;(return.monetizationDetails.access)
main.youtubev3videos.getVideos&200&items(main.getVideos&Input):::EXIT;return.processingDetails == null;daikon.inv.unary.scalar.OneOfScalar;(return.processingDetails)
main.youtubev3videos.getVideos&200&items(main.getVideos&Input):::EXIT;return.processingDetails.processingProgress == null;daikon.inv.unary.scalar.OneOfScalar;(return.processingDetails.processingProgress)
main.youtubev3videos.getVideos&200&items(main.getVideos&Input):::EXIT;return.projectDetails == null;daikon.inv.unary.scalar.OneOfScalar;(return.projectDetails)
main.youtubev3videos.getVideos&200&items(main.getVideos&Input):::EXIT;return.recordingDetails.location.altitude == 0.0;daikon.inv.unary.scalar.OneOfFloat;(return.recordingDetails.location.altitude)
main.youtubev3videos.getVideos&200&items(main.getVideos&Input):::EXIT;return.snippet.liveBroadcastContent one of { "live", "none", "upcoming" };daikon.inv.unary.string.OneOfString;(return.snippet.liveBroadcastContent)
main.youtubev3videos.getVideos&200&items(main.getVideos&Input):::EXIT;return.snippet.thumbnails.default.height == 90;daikon.inv.unary.scalar.OneOfScalar;(return.snippet.thumbnails.default.height)
main.youtubev3videos.getVideos&200&items(main.getVideos&Input):::EXIT;return.snippet.thumbnails.default.width == 120;daikon.inv.unary.scalar.OneOfScalar;(return.snippet.thumbnails.default.width)
main.youtubev3videos.getVideos&200&items(main.getVideos&Input):::EXIT;return.snippet.thumbnails.high.height == 360;daikon.inv.unary.scalar.OneOfScalar;(return.snippet.thumbnails.high.height)
main.youtubev3videos.getVideos&200&items(main.getVideos&Input):::EXIT;return.snippet.thumbnails.high.width == 480;daikon.inv.unary.scalar.OneOfScalar;(return.snippet.thumbnails.high.width)
main.youtubev3videos.getVideos&200&items(main.getVideos&Input):::EXIT;return.snippet.thumbnails.maxres.height == 720;daikon.inv.unary.scalar.OneOfScalar;(return.snippet.thumbnails.maxres.height)
main.youtubev3videos.getVideos&200&items(main.getVideos&Input):::EXIT;return.snippet.thumbnails.maxres.width == 1280;daikon.inv.unary.scalar.OneOfScalar;(return.snippet.thumbnails.maxres.width)
main.youtubev3videos.getVideos&200&items(main.getVideos&Input):::EXIT;return.snippet.thumbnails.medium.height == 180;daikon.inv.unary.scalar.OneOfScalar;(return.snippet.thumbnails.medium.height)
main.youtubev3videos.getVideos&200&items(main.getVideos&Input):::EXIT;return.snippet.thumbnails.medium.width == 320;daikon.inv.unary.scalar.OneOfScalar;(return.snippet.thumbnails.medium.width)
main.youtubev3videos.getVideos&200&items(main.getVideos&Input):::EXIT;return.snippet.thumbnails.standard.height == 480;daikon.inv.unary.scalar.OneOfScalar;(return.snippet.thumbnails.standard.height)
main.youtubev3videos.getVideos&200&items(main.getVideos&Input):::EXIT;return.snippet.thumbnails.standard.width == 640;daikon.inv.unary.scalar.OneOfScalar;(return.snippet.thumbnails.standard.width)
main.youtubev3videos.getVideos&200&items(main.getVideos&Input):::EXIT;return.statistics.dislikeCount == "0";daikon.inv.unary.string.OneOfString;(return.statistics.dislikeCount)
main.youtubev3videos.getVideos&200&items(main.getVideos&Input):::EXIT;return.statistics.favoriteCount == "0";daikon.inv.unary.string.OneOfString;(return.statistics.favoriteCount)
main.youtubev3videos.getVideos&200&items(main.getVideos&Input):::EXIT;return.status.license one of { "creativeCommon", "youtube" };daikon.inv.unary.string.OneOfString;(return.status.license)
main.youtubev3videos.getVideos&200&items(main.getVideos&Input):::EXIT;return.status.privacyStatus one of { "private", "public", "unlisted" };daikon.inv.unary.string.OneOfString;(return.status.privacyStatus)
main.youtubev3videos.getVideos&200&items(main.getVideos&Input):::EXIT;return.status.selfDeclaredMadeForKids == true;daikon.inv.unary.scalar.OneOfScalar;(return.status.selfDeclaredMadeForKids)
main.youtubev3videos.getVideos&200&items(main.getVideos&Input):::EXIT;return.status.uploadStatus one of { "processed", "uploaded" };daikon.inv.unary.string.OneOfString;(return.status.uploadStatus)
main.youtubev3videos.getVideos&200&items(main.getVideos&Input):::EXIT;return.suggestions == null;daikon.inv.unary.scalar.OneOfScalar;(return.suggestions)
main.youtubev3videos.getVideos&200&items(main.getVideos&Input):::EXIT;return.suggestions.editorSuggestions == null;daikon.inv.unary.scalar.OneOfScalar;(return.suggestions.editorSuggestions)
main.youtubev3videos.getVideos&200&items(main.getVideos&Input):::EXIT;return.suggestions.tagSuggestions == null;daikon.inv.unary.scalar.OneOfScalar;(return.suggestions.tagSuggestions)
main.youtubev3videos.getVideos&200&items(main.getVideos&Input):::EXIT;size(input.part[]) >= 1;daikon.inv.unary.scalar.LowerBound;(size(input.part[..]))
main.youtubev3videos.getVideos&200&items(main.getVideos&Input):::EXIT;size(input.id[]) >= 1;daikon.inv.unary.scalar.LowerBound;(size(input.id[..]))
main.youtubev3videos.getVideos&200&items(main.getVideos&Input):::EXIT;size(return.contentDetails.regionRestriction.allowed[]) >= 1;daikon.inv.unary.scalar.LowerBound;(size(return.contentDetails.regionRestriction.allowed[..]))
main.youtubev3videos.getVideos&200&items(main.getVideos&Input):::EXIT;size(return.contentDetails.regionRestriction.blocked[]) >= 1;daikon.inv.unary.scalar.LowerBound;(size(return.contentDetails.regionRestriction.blocked[..]))
main.youtubev3videos.getVideos&200&items(main.getVideos&Input):::EXIT;size(return.snippet.tags[]) >= 1;daikon.inv.unary.scalar.LowerBound;(size(return.snippet.tags[..]))
main.youtubev3videos.getVideos&200&items(main.getVideos&Input):::EXIT;size(return.topicDetails.topicCategories[]) >= 1;daikon.inv.unary.scalar.LowerBound;(size(return.topicDetails.topicCategories[..]))
main.youtubev3videos.getVideos&200&items(main.getVideos&Input):::EXIT;input.chart in input.id[];daikon.inv.binary.sequenceString.MemberString;(input.chart, input.id[..])
main.youtubev3videos.getVideos&200&items(main.getVideos&Input):::EXIT;input.myRating in input.id[];daikon.inv.binary.sequenceString.MemberString;(input.id[..], input.myRating)
main.youtubev3videos.getVideos&200&items(main.getVideos&Input):::EXIT;input.regionCode in input.id[];daikon.inv.binary.sequenceString.MemberString;(input.id[..], input.regionCode)
main.youtubev3videos.getVideos&200&items(main.getVideos&Input):::EXIT;input.videoCategoryId in input.id[];daikon.inv.binary.sequenceString.MemberString;(input.id[..], input.videoCategoryId)
main.youtubev3videos.getVideos&200&items(main.getVideos&Input):::EXIT;return.id in input.id[];daikon.inv.binary.sequenceString.MemberString;(input.id[..], return.id)
main.youtubev3videos.getVideos&200&items(main.getVideos&Input):::EXIT;input.maxHeight > input.maxResults;daikon.inv.binary.twoScalar.IntGreaterThan;(input.maxHeight, input.maxResults)
main.youtubev3videos.getVideos&200&items(main.getVideos&Input):::EXIT;input.maxHeight != input.maxWidth;daikon.inv.binary.twoScalar.IntNonEqual;(input.maxHeight, input.maxWidth)
main.youtubev3videos.getVideos&200&items(main.getVideos&Input):::EXIT;input.maxHeight > return.snippet.thumbnails.default.height;daikon.inv.binary.twoScalar.IntGreaterThan;(input.maxHeight, return.snippet.thumbnails.default.height)
main.youtubev3videos.getVideos&200&items(main.getVideos&Input):::EXIT;input.maxHeight > return.snippet.thumbnails.default.width;daikon.inv.binary.twoScalar.IntGreaterThan;(input.maxHeight, return.snippet.thumbnails.default.width)
main.youtubev3videos.getVideos&200&items(main.getVideos&Input):::EXIT;input.maxHeight != return.snippet.thumbnails.high.height;daikon.inv.binary.twoScalar.IntNonEqual;(input.maxHeight, return.snippet.thumbnails.high.height)
main.youtubev3videos.getVideos&200&items(main.getVideos&Input):::EXIT;input.maxHeight != return.snippet.thumbnails.high.width;daikon.inv.binary.twoScalar.IntNonEqual;(input.maxHeight, return.snippet.thumbnails.high.width)
main.youtubev3videos.getVideos&200&items(main.getVideos&Input):::EXIT;input.maxHeight != return.snippet.thumbnails.maxres.height;daikon.inv.binary.twoScalar.IntNonEqual;(input.maxHeight, return.snippet.thumbnails.maxres.height)
main.youtubev3videos.getVideos&200&items(main.getVideos&Input):::EXIT;input.maxHeight != return.snippet.thumbnails.maxres.width;daikon.inv.binary.twoScalar.IntNonEqual;(input.maxHeight, return.snippet.thumbnails.maxres.width)
main.youtubev3videos.getVideos&200&items(main.getVideos&Input):::EXIT;input.maxHeight > return.snippet.thumbnails.medium.height;daikon.inv.binary.twoScalar.IntGreaterThan;(input.maxHeight, return.snippet.thumbnails.medium.height)
main.youtubev3videos.getVideos&200&items(main.getVideos&Input):::EXIT;input.maxHeight != return.snippet.thumbnails.medium.width;daikon.inv.binary.twoScalar.IntNonEqual;(input.maxHeight, return.snippet.thumbnails.medium.width)
main.youtubev3videos.getVideos&200&items(main.getVideos&Input):::EXIT;input.maxHeight != return.snippet.thumbnails.standard.height;daikon.inv.binary.twoScalar.IntNonEqual;(input.maxHeight, return.snippet.thumbnails.standard.height)
main.youtubev3videos.getVideos&200&items(main.getVideos&Input):::EXIT;input.maxHeight != return.snippet.thumbnails.standard.width;daikon.inv.binary.twoScalar.IntNonEqual;(input.maxHeight, return.snippet.thumbnails.standard.width)
main.youtubev3videos.getVideos&200&items(main.getVideos&Input):::EXIT;input.maxHeight > size(input.part[]);daikon.inv.binary.twoScalar.IntGreaterThan;(input.maxHeight, size(input.part[..]))
main.youtubev3videos.getVideos&200&items(main.getVideos&Input):::EXIT;input.maxHeight > size(input.id[]);daikon.inv.binary.twoScalar.IntGreaterThan;(input.maxHeight, size(input.id[..]))
main.youtubev3videos.getVideos&200&items(main.getVideos&Input):::EXIT;input.maxHeight > size(return.contentDetails.regionRestriction.allowed[]);daikon.inv.binary.twoScalar.IntGreaterThan;(input.maxHeight, size(return.contentDetails.regionRestriction.allowed[..]))
main.youtubev3videos.getVideos&200&items(main.getVideos&Input):::EXIT;input.maxHeight > size(return.contentDetails.regionRestriction.blocked[]);daikon.inv.binary.twoScalar.IntGreaterThan;(input.maxHeight, size(return.contentDetails.regionRestriction.blocked[..]))
main.youtubev3videos.getVideos&200&items(main.getVideos&Input):::EXIT;input.maxHeight > size(return.snippet.tags[]);daikon.inv.binary.twoScalar.IntGreaterThan;(input.maxHeight, size(return.snippet.tags[..]))
main.youtubev3videos.getVideos&200&items(main.getVideos&Input):::EXIT;input.maxHeight > size(return.topicDetails.topicCategories[]);daikon.inv.binary.twoScalar.IntGreaterThan;(input.maxHeight, size(return.topicDetails.topicCategories[..]))
main.youtubev3videos.getVideos&200&items(main.getVideos&Input):::EXIT;input.maxResults < input.maxWidth;daikon.inv.binary.twoScalar.IntLessThan;(input.maxResults, input.maxWidth)
main.youtubev3videos.getVideos&200&items(main.getVideos&Input):::EXIT;input.maxResults < return.snippet.thumbnails.default.height;daikon.inv.binary.twoScalar.IntLessThan;(input.maxResults, return.snippet.thumbnails.default.height)
main.youtubev3videos.getVideos&200&items(main.getVideos&Input):::EXIT;input.maxResults < return.snippet.thumbnails.default.width;daikon.inv.binary.twoScalar.IntLessThan;(input.maxResults, return.snippet.thumbnails.default.width)
main.youtubev3videos.getVideos&200&items(main.getVideos&Input):::EXIT;input.maxResults < return.snippet.thumbnails.high.height;daikon.inv.binary.twoScalar.IntLessThan;(input.maxResults, return.snippet.thumbnails.high.height)
main.youtubev3videos.getVideos&200&items(main.getVideos&Input):::EXIT;input.maxResults < return.snippet.thumbnails.high.width;daikon.inv.binary.twoScalar.IntLessThan;(input.maxResults, return.snippet.thumbnails.high.width)
main.youtubev3videos.getVideos&200&items(main.getVideos&Input):::EXIT;input.maxResults < return.snippet.thumbnails.maxres.height;daikon.inv.binary.twoScalar.IntLessThan;(input.maxResults, return.snippet.thumbnails.maxres.height)
main.youtubev3videos.getVideos&200&items(main.getVideos&Input):::EXIT;input.maxResults < return.snippet.thumbnails.maxres.width;daikon.inv.binary.twoScalar.IntLessThan;(input.maxResults, return.snippet.thumbnails.maxres.width)
main.youtubev3videos.getVideos&200&items(main.getVideos&Input):::EXIT;input.maxResults < return.snippet.thumbnails.medium.height;daikon.inv.binary.twoScalar.IntLessThan;(input.maxResults, return.snippet.thumbnails.medium.height)
main.youtubev3videos.getVideos&200&items(main.getVideos&Input):::EXIT;input.maxResults < return.snippet.thumbnails.medium.width;daikon.inv.binary.twoScalar.IntLessThan;(input.maxResults, return.snippet.thumbnails.medium.width)
main.youtubev3videos.getVideos&200&items(main.getVideos&Input):::EXIT;input.maxResults < return.snippet.thumbnails.standard.height;daikon.inv.binary.twoScalar.IntLessThan;(input.maxResults, return.snippet.thumbnails.standard.height)
main.youtubev3videos.getVideos&200&items(main.getVideos&Input):::EXIT;input.maxResults < return.snippet.thumbnails.standard.width;daikon.inv.binary.twoScalar.IntLessThan;(input.maxResults, return.snippet.thumbnails.standard.width)
main.youtubev3videos.getVideos&200&items(main.getVideos&Input):::EXIT;input.maxResults != size(return.contentDetails.regionRestriction.allowed[]);daikon.inv.binary.twoScalar.IntNonEqual;(input.maxResults, size(return.contentDetails.regionRestriction.allowed[..]))
main.youtubev3videos.getVideos&200&items(main.getVideos&Input):::EXIT;input.maxResults != size(return.contentDetails.regionRestriction.allowed[])-1;daikon.inv.binary.twoScalar.IntNonEqual;(input.maxResults, size(return.contentDetails.regionRestriction.allowed[..])-1)
main.youtubev3videos.getVideos&200&items(main.getVideos&Input):::EXIT;input.maxResults != size(return.contentDetails.regionRestriction.blocked[]);daikon.inv.binary.twoScalar.IntNonEqual;(input.maxResults, size(return.contentDetails.regionRestriction.blocked[..]))
main.youtubev3videos.getVideos&200&items(main.getVideos&Input):::EXIT;input.maxResults != size(return.contentDetails.regionRestriction.blocked[])-1;daikon.inv.binary.twoScalar.IntNonEqual;(input.maxResults, size(return.contentDetails.regionRestriction.blocked[..])-1)
main.youtubev3videos.getVideos&200&items(main.getVideos&Input):::EXIT;input.maxResults != size(return.topicDetails.topicCategories[]);daikon.inv.binary.twoScalar.IntNonEqual;(input.maxResults, size(return.topicDetails.topicCategories[..]))
main.youtubev3videos.getVideos&200&items(main.getVideos&Input):::EXIT;input.maxResults >= size(return.topicDetails.topicCategories[])-1;daikon.inv.binary.twoScalar.IntGreaterEqual;(input.maxResults, size(return.topicDetails.topicCategories[..])-1)
main.youtubev3videos.getVideos&200&items(main.getVideos&Input):::EXIT;input.maxWidth != return.snippet.thumbnails.default.height;daikon.inv.binary.twoScalar.IntNonEqual;(input.maxWidth, return.snippet.thumbnails.default.height)
main.youtubev3videos.getVideos&200&items(main.getVideos&Input):::EXIT;input.maxWidth != return.snippet.thumbnails.default.width;daikon.inv.binary.twoScalar.IntNonEqual;(input.maxWidth, return.snippet.thumbnails.default.width)
main.youtubev3videos.getVideos&200&items(main.getVideos&Input):::EXIT;input.maxWidth != return.snippet.thumbnails.high.height;daikon.inv.binary.twoScalar.IntNonEqual;(input.maxWidth, return.snippet.thumbnails.high.height)
main.youtubev3videos.getVideos&200&items(main.getVideos&Input):::EXIT;input.maxWidth != return.snippet.thumbnails.high.width;daikon.inv.binary.twoScalar.IntNonEqual;(input.maxWidth, return.snippet.thumbnails.high.width)
main.youtubev3videos.getVideos&200&items(main.getVideos&Input):::EXIT;input.maxWidth != return.snippet.thumbnails.maxres.height;daikon.inv.binary.twoScalar.IntNonEqual;(input.maxWidth, return.snippet.thumbnails.maxres.height)
main.youtubev3videos.getVideos&200&items(main.getVideos&Input):::EXIT;input.maxWidth != return.snippet.thumbnails.maxres.width;daikon.inv.binary.twoScalar.IntNonEqual;(input.maxWidth, return.snippet.thumbnails.maxres.width)
main.youtubev3videos.getVideos&200&items(main.getVideos&Input):::EXIT;input.maxWidth != return.snippet.thumbnails.medium.height;daikon.inv.binary.twoScalar.IntNonEqual;(input.maxWidth, return.snippet.thumbnails.medium.height)
main.youtubev3videos.getVideos&200&items(main.getVideos&Input):::EXIT;input.maxWidth != return.snippet.thumbnails.medium.width;daikon.inv.binary.twoScalar.IntNonEqual;(input.maxWidth, return.snippet.thumbnails.medium.width)
main.youtubev3videos.getVideos&200&items(main.getVideos&Input):::EXIT;input.maxWidth != return.snippet.thumbnails.standard.height;daikon.inv.binary.twoScalar.IntNonEqual;(input.maxWidth, return.snippet.thumbnails.standard.height)
main.youtubev3videos.getVideos&200&items(main.getVideos&Input):::EXIT;input.maxWidth != return.snippet.thumbnails.standard.width;daikon.inv.binary.twoScalar.IntNonEqual;(input.maxWidth, return.snippet.thumbnails.standard.width)
main.youtubev3videos.getVideos&200&items(main.getVideos&Input):::EXIT;input.maxWidth > size(input.part[]);daikon.inv.binary.twoScalar.IntGreaterThan;(input.maxWidth, size(input.part[..]))
main.youtubev3videos.getVideos&200&items(main.getVideos&Input):::EXIT;input.maxWidth > size(input.id[]);daikon.inv.binary.twoScalar.IntGreaterThan;(input.maxWidth, size(input.id[..]))
main.youtubev3videos.getVideos&200&items(main.getVideos&Input):::EXIT;input.maxWidth > size(return.contentDetails.regionRestriction.allowed[]);daikon.inv.binary.twoScalar.IntGreaterThan;(input.maxWidth, size(return.contentDetails.regionRestriction.allowed[..]))
main.youtubev3videos.getVideos&200&items(main.getVideos&Input):::EXIT;input.maxWidth > size(return.contentDetails.regionRestriction.blocked[]);daikon.inv.binary.twoScalar.IntGreaterThan;(input.maxWidth, size(return.contentDetails.regionRestriction.blocked[..]))
main.youtubev3videos.getVideos&200&items(main.getVideos&Input):::EXIT;input.maxWidth > size(return.snippet.tags[]);daikon.inv.binary.twoScalar.IntGreaterThan;(input.maxWidth, size(return.snippet.tags[..]))
main.youtubev3videos.getVideos&200&items(main.getVideos&Input):::EXIT;input.maxWidth > size(return.topicDetails.topicCategories[]);daikon.inv.binary.twoScalar.IntGreaterThan;(input.maxWidth, size(return.topicDetails.topicCategories[..]))
main.youtubev3videos.getVideos&200&items(main.getVideos&Input):::EXIT;input.myRating in return.contentDetails.regionRestriction.allowed[];daikon.inv.binary.sequenceString.MemberString;(input.myRating, return.contentDetails.regionRestriction.allowed[..])
main.youtubev3videos.getVideos&200&items(main.getVideos&Input):::EXIT;return.contentDetails.contentRating.ytRating in return.contentDetails.regionRestriction.allowed[];daikon.inv.binary.sequenceString.MemberString;(return.contentDetails.contentRating.ytRating, return.contentDetails.regionRestriction.allowed[..])
main.youtubev3videos.getVideos&200&items(main.getVideos&Input):::EXIT;return.contentDetails.contentRating.ytRating in return.contentDetails.regionRestriction.blocked[];daikon.inv.binary.sequenceString.MemberString;(return.contentDetails.contentRating.ytRating, return.contentDetails.regionRestriction.blocked[..])
main.youtubev3videos.getVideos&200&items(main.getVideos&Input):::EXIT;return.contentDetails.contentRating.ytRating in return.topicDetails.topicCategories[];daikon.inv.binary.sequenceString.MemberString;(return.contentDetails.contentRating.ytRating, return.topicDetails.topicCategories[..])
main.youtubev3videos.getVideos&200&items(main.getVideos&Input):::EXIT;return.liveStreamingDetails.activeLiveChatId in return.contentDetails.regionRestriction.allowed[];daikon.inv.binary.sequenceString.MemberString;(return.contentDetails.regionRestriction.allowed[..], return.liveStreamingDetails.activeLiveChatId)
main.youtubev3videos.getVideos&200&items(main.getVideos&Input):::EXIT;return.liveStreamingDetails.concurrentViewers in return.contentDetails.regionRestriction.allowed[];daikon.inv.binary.sequenceString.MemberString;(return.contentDetails.regionRestriction.allowed[..], return.liveStreamingDetails.concurrentViewers)
main.youtubev3videos.getVideos&200&items(main.getVideos&Input):::EXIT;return.liveStreamingDetails.scheduledEndTime in return.contentDetails.regionRestriction.allowed[];daikon.inv.binary.sequenceString.MemberString;(return.contentDetails.regionRestriction.allowed[..], return.liveStreamingDetails.scheduledEndTime)
main.youtubev3videos.getVideos&200&items(main.getVideos&Input):::EXIT;return.recordingDetails.locationDescription in return.contentDetails.regionRestriction.allowed[];daikon.inv.binary.sequenceString.MemberString;(return.contentDetails.regionRestriction.allowed[..], return.recordingDetails.locationDescription)
main.youtubev3videos.getVideos&200&items(main.getVideos&Input):::EXIT;return.recordingDetails.recordingDate in return.contentDetails.regionRestriction.allowed[];daikon.inv.binary.sequenceString.MemberString;(return.contentDetails.regionRestriction.allowed[..], return.recordingDetails.recordingDate)
main.youtubev3videos.getVideos&200&items(main.getVideos&Input):::EXIT;return.statistics.dislikeCount in return.contentDetails.regionRestriction.allowed[];daikon.inv.binary.sequenceString.MemberString;(return.contentDetails.regionRestriction.allowed[..], return.statistics.dislikeCount)
main.youtubev3videos.getVideos&200&items(main.getVideos&Input):::EXIT;return.liveStreamingDetails.activeLiveChatId in return.contentDetails.regionRestriction.blocked[];daikon.inv.binary.sequenceString.MemberString;(return.contentDetails.regionRestriction.blocked[..], return.liveStreamingDetails.activeLiveChatId)
main.youtubev3videos.getVideos&200&items(main.getVideos&Input):::EXIT;return.liveStreamingDetails.concurrentViewers in return.contentDetails.regionRestriction.blocked[];daikon.inv.binary.sequenceString.MemberString;(return.contentDetails.regionRestriction.blocked[..], return.liveStreamingDetails.concurrentViewers)
main.youtubev3videos.getVideos&200&items(main.getVideos&Input):::EXIT;return.liveStreamingDetails.scheduledEndTime in return.contentDetails.regionRestriction.blocked[];daikon.inv.binary.sequenceString.MemberString;(return.contentDetails.regionRestriction.blocked[..], return.liveStreamingDetails.scheduledEndTime)
main.youtubev3videos.getVideos&200&items(main.getVideos&Input):::EXIT;return.recordingDetails.locationDescription in return.contentDetails.regionRestriction.blocked[];daikon.inv.binary.sequenceString.MemberString;(return.contentDetails.regionRestriction.blocked[..], return.recordingDetails.locationDescription)
main.youtubev3videos.getVideos&200&items(main.getVideos&Input):::EXIT;return.recordingDetails.recordingDate in return.contentDetails.regionRestriction.blocked[];daikon.inv.binary.sequenceString.MemberString;(return.contentDetails.regionRestriction.blocked[..], return.recordingDetails.recordingDate)
main.youtubev3videos.getVideos&200&items(main.getVideos&Input):::EXIT;return.statistics.dislikeCount in return.contentDetails.regionRestriction.blocked[];daikon.inv.binary.sequenceString.MemberString;(return.contentDetails.regionRestriction.blocked[..], return.statistics.dislikeCount)
main.youtubev3videos.getVideos&200&items(main.getVideos&Input):::EXIT;return.liveStreamingDetails.activeLiveChatId in return.snippet.tags[];daikon.inv.binary.sequenceString.MemberString;(return.liveStreamingDetails.activeLiveChatId, return.snippet.tags[..])
main.youtubev3videos.getVideos&200&items(main.getVideos&Input):::EXIT;return.liveStreamingDetails.scheduledEndTime in return.snippet.tags[];daikon.inv.binary.sequenceString.MemberString;(return.liveStreamingDetails.scheduledEndTime, return.snippet.tags[..])
main.youtubev3videos.getVideos&200&items(main.getVideos&Input):::EXIT;return.liveStreamingDetails.scheduledEndTime in return.topicDetails.topicCategories[];daikon.inv.binary.sequenceString.MemberString;(return.liveStreamingDetails.scheduledEndTime, return.topicDetails.topicCategories[..])
main.youtubev3videos.getVideos&200&items(main.getVideos&Input):::EXIT;return.statistics.dislikeCount in return.snippet.tags[];daikon.inv.binary.sequenceString.MemberString;(return.snippet.tags[..], return.statistics.dislikeCount)
main.youtubev3videos.getVideos&200&items(main.getVideos&Input):::EXIT;return.snippet.thumbnails.default.height > size(input.part[]);daikon.inv.binary.twoScalar.IntGreaterThan;(return.snippet.thumbnails.default.height, size(input.part[..]))
main.youtubev3videos.getVideos&200&items(main.getVideos&Input):::EXIT;return.snippet.thumbnails.default.height > size(input.id[]);daikon.inv.binary.twoScalar.IntGreaterThan;(return.snippet.thumbnails.default.height, size(input.id[..]))
main.youtubev3videos.getVideos&200&items(main.getVideos&Input):::EXIT;return.snippet.thumbnails.default.height != size(return.contentDetails.regionRestriction.allowed[]);daikon.inv.binary.twoScalar.IntNonEqual;(return.snippet.thumbnails.default.height, size(return.contentDetails.regionRestriction.allowed[..]))
main.youtubev3videos.getVideos&200&items(main.getVideos&Input):::EXIT;return.snippet.thumbnails.default.height != size(return.contentDetails.regionRestriction.allowed[])-1;daikon.inv.binary.twoScalar.IntNonEqual;(return.snippet.thumbnails.default.height, size(return.contentDetails.regionRestriction.allowed[..])-1)
main.youtubev3videos.getVideos&200&items(main.getVideos&Input):::EXIT;return.snippet.thumbnails.default.height != size(return.contentDetails.regionRestriction.blocked[]);daikon.inv.binary.twoScalar.IntNonEqual;(return.snippet.thumbnails.default.height, size(return.contentDetails.regionRestriction.blocked[..]))
main.youtubev3videos.getVideos&200&items(main.getVideos&Input):::EXIT;return.snippet.thumbnails.default.height != size(return.contentDetails.regionRestriction.blocked[])-1;daikon.inv.binary.twoScalar.IntNonEqual;(return.snippet.thumbnails.default.height, size(return.contentDetails.regionRestriction.blocked[..])-1)
main.youtubev3videos.getVideos&200&items(main.getVideos&Input):::EXIT;return.snippet.thumbnails.default.height > size(return.snippet.tags[]);daikon.inv.binary.twoScalar.IntGreaterThan;(return.snippet.thumbnails.default.height, size(return.snippet.tags[..]))
main.youtubev3videos.getVideos&200&items(main.getVideos&Input):::EXIT;return.snippet.thumbnails.default.height > size(return.topicDetails.topicCategories[]);daikon.inv.binary.twoScalar.IntGreaterThan;(return.snippet.thumbnails.default.height, size(return.topicDetails.topicCategories[..]))
main.youtubev3videos.getVideos&200&items(main.getVideos&Input):::EXIT;return.snippet.thumbnails.default.width > size(input.part[]);daikon.inv.binary.twoScalar.IntGreaterThan;(return.snippet.thumbnails.default.width, size(input.part[..]))
main.youtubev3videos.getVideos&200&items(main.getVideos&Input):::EXIT;return.snippet.thumbnails.default.width > size(input.id[]);daikon.inv.binary.twoScalar.IntGreaterThan;(return.snippet.thumbnails.default.width, size(input.id[..]))
main.youtubev3videos.getVideos&200&items(main.getVideos&Input):::EXIT;return.snippet.thumbnails.default.width > size(return.contentDetails.regionRestriction.allowed[]);daikon.inv.binary.twoScalar.IntGreaterThan;(return.snippet.thumbnails.default.width, size(return.contentDetails.regionRestriction.allowed[..]))
main.youtubev3videos.getVideos&200&items(main.getVideos&Input):::EXIT;return.snippet.thumbnails.default.width != size(return.contentDetails.regionRestriction.blocked[]);daikon.inv.binary.twoScalar.IntNonEqual;(return.snippet.thumbnails.default.width, size(return.contentDetails.regionRestriction.blocked[..]))
main.youtubev3videos.getVideos&200&items(main.getVideos&Input):::EXIT;return.snippet.thumbnails.default.width != size(return.contentDetails.regionRestriction.blocked[])-1;daikon.inv.binary.twoScalar.IntNonEqual;(return.snippet.thumbnails.default.width, size(return.contentDetails.regionRestriction.blocked[..])-1)
main.youtubev3videos.getVideos&200&items(main.getVideos&Input):::EXIT;return.snippet.thumbnails.default.width > size(return.snippet.tags[]);daikon.inv.binary.twoScalar.IntGreaterThan;(return.snippet.thumbnails.default.width, size(return.snippet.tags[..]))
main.youtubev3videos.getVideos&200&items(main.getVideos&Input):::EXIT;return.snippet.thumbnails.default.width % size(return.topicDetails.topicCategories[]) == 0;daikon.inv.binary.twoScalar.NumericInt$Divides;(return.snippet.thumbnails.default.width, size(return.topicDetails.topicCategories[..]))
main.youtubev3videos.getVideos&200&items(main.getVideos&Input):::EXIT;return.snippet.thumbnails.default.width > size(return.topicDetails.topicCategories[]);daikon.inv.binary.twoScalar.IntGreaterThan;(return.snippet.thumbnails.default.width, size(return.topicDetails.topicCategories[..]))
main.youtubev3videos.getVideos&200&items(main.getVideos&Input):::EXIT;return.snippet.thumbnails.high.height > size(input.part[]);daikon.inv.binary.twoScalar.IntGreaterThan;(return.snippet.thumbnails.high.height, size(input.part[..]))
main.youtubev3videos.getVideos&200&items(main.getVideos&Input):::EXIT;return.snippet.thumbnails.high.height > size(input.id[]);daikon.inv.binary.twoScalar.IntGreaterThan;(return.snippet.thumbnails.high.height, size(input.id[..]))
main.youtubev3videos.getVideos&200&items(main.getVideos&Input):::EXIT;return.snippet.thumbnails.high.height > size(return.contentDetails.regionRestriction.allowed[]);daikon.inv.binary.twoScalar.IntGreaterThan;(return.snippet.thumbnails.high.height, size(return.contentDetails.regionRestriction.allowed[..]))
main.youtubev3videos.getVideos&200&items(main.getVideos&Input):::EXIT;return.snippet.thumbnails.high.height > size(return.contentDetails.regionRestriction.blocked[]);daikon.inv.binary.twoScalar.IntGreaterThan;(return.snippet.thumbnails.high.height, size(return.contentDetails.regionRestriction.blocked[..]))
main.youtubev3videos.getVideos&200&items(main.getVideos&Input):::EXIT;return.snippet.thumbnails.high.height > size(return.snippet.tags[]);daikon.inv.binary.twoScalar.IntGreaterThan;(return.snippet.thumbnails.high.height, size(return.snippet.tags[..]))
main.youtubev3videos.getVideos&200&items(main.getVideos&Input):::EXIT;return.snippet.thumbnails.high.height % size(return.topicDetails.topicCategories[]) == 0;daikon.inv.binary.twoScalar.NumericInt$Divides;(return.snippet.thumbnails.high.height, size(return.topicDetails.topicCategories[..]))
main.youtubev3videos.getVideos&200&items(main.getVideos&Input):::EXIT;return.snippet.thumbnails.high.height > size(return.topicDetails.topicCategories[]);daikon.inv.binary.twoScalar.IntGreaterThan;(return.snippet.thumbnails.high.height, size(return.topicDetails.topicCategories[..]))
main.youtubev3videos.getVideos&200&items(main.getVideos&Input):::EXIT;return.snippet.thumbnails.high.width > size(input.part[]);daikon.inv.binary.twoScalar.IntGreaterThan;(return.snippet.thumbnails.high.width, size(input.part[..]))
main.youtubev3videos.getVideos&200&items(main.getVideos&Input):::EXIT;return.snippet.thumbnails.high.width > size(input.id[]);daikon.inv.binary.twoScalar.IntGreaterThan;(return.snippet.thumbnails.high.width, size(input.id[..]))
main.youtubev3videos.getVideos&200&items(main.getVideos&Input):::EXIT;return.snippet.thumbnails.high.width > size(return.contentDetails.regionRestriction.allowed[]);daikon.inv.binary.twoScalar.IntGreaterThan;(return.snippet.thumbnails.high.width, size(return.contentDetails.regionRestriction.allowed[..]))
main.youtubev3videos.getVideos&200&items(main.getVideos&Input):::EXIT;return.snippet.thumbnails.high.width > size(return.contentDetails.regionRestriction.blocked[]);daikon.inv.binary.twoScalar.IntGreaterThan;(return.snippet.thumbnails.high.width, size(return.contentDetails.regionRestriction.blocked[..]))
main.youtubev3videos.getVideos&200&items(main.getVideos&Input):::EXIT;return.snippet.thumbnails.high.width > size(return.snippet.tags[]);daikon.inv.binary.twoScalar.IntGreaterThan;(return.snippet.thumbnails.high.width, size(return.snippet.tags[..]))
main.youtubev3videos.getVideos&200&items(main.getVideos&Input):::EXIT;return.snippet.thumbnails.high.width % size(return.topicDetails.topicCategories[]) == 0;daikon.inv.binary.twoScalar.NumericInt$Divides;(return.snippet.thumbnails.high.width, size(return.topicDetails.topicCategories[..]))
main.youtubev3videos.getVideos&200&items(main.getVideos&Input):::EXIT;return.snippet.thumbnails.high.width > size(return.topicDetails.topicCategories[]);daikon.inv.binary.twoScalar.IntGreaterThan;(return.snippet.thumbnails.high.width, size(return.topicDetails.topicCategories[..]))
main.youtubev3videos.getVideos&200&items(main.getVideos&Input):::EXIT;return.snippet.thumbnails.maxres.height > size(input.part[]);daikon.inv.binary.twoScalar.IntGreaterThan;(return.snippet.thumbnails.maxres.height, size(input.part[..]))
main.youtubev3videos.getVideos&200&items(main.getVideos&Input):::EXIT;return.snippet.thumbnails.maxres.height > size(input.id[]);daikon.inv.binary.twoScalar.IntGreaterThan;(return.snippet.thumbnails.maxres.height, size(input.id[..]))
main.youtubev3videos.getVideos&200&items(main.getVideos&Input):::EXIT;return.snippet.thumbnails.maxres.height > size(return.contentDetails.regionRestriction.allowed[]);daikon.inv.binary.twoScalar.IntGreaterThan;(return.snippet.thumbnails.maxres.height, size(return.contentDetails.regionRestriction.allowed[..]))
main.youtubev3videos.getVideos&200&items(main.getVideos&Input):::EXIT;return.snippet.thumbnails.maxres.height > size(return.contentDetails.regionRestriction.blocked[]);daikon.inv.binary.twoScalar.IntGreaterThan;(return.snippet.thumbnails.maxres.height, size(return.contentDetails.regionRestriction.blocked[..]))
main.youtubev3videos.getVideos&200&items(main.getVideos&Input):::EXIT;return.snippet.thumbnails.maxres.height > size(return.snippet.tags[]);daikon.inv.binary.twoScalar.IntGreaterThan;(return.snippet.thumbnails.maxres.height, size(return.snippet.tags[..]))
main.youtubev3videos.getVideos&200&items(main.getVideos&Input):::EXIT;return.snippet.thumbnails.maxres.height % size(return.topicDetails.topicCategories[]) == 0;daikon.inv.binary.twoScalar.NumericInt$Divides;(return.snippet.thumbnails.maxres.height, size(return.topicDetails.topicCategories[..]))
main.youtubev3videos.getVideos&200&items(main.getVideos&Input):::EXIT;return.snippet.thumbnails.maxres.height > size(return.topicDetails.topicCategories[]);daikon.inv.binary.twoScalar.IntGreaterThan;(return.snippet.thumbnails.maxres.height, size(return.topicDetails.topicCategories[..]))
main.youtubev3videos.getVideos&200&items(main.getVideos&Input):::EXIT;return.snippet.thumbnails.maxres.width > size(input.part[]);daikon.inv.binary.twoScalar.IntGreaterThan;(return.snippet.thumbnails.maxres.width, size(input.part[..]))
main.youtubev3videos.getVideos&200&items(main.getVideos&Input):::EXIT;return.snippet.thumbnails.maxres.width > size(input.id[]);daikon.inv.binary.twoScalar.IntGreaterThan;(return.snippet.thumbnails.maxres.width, size(input.id[..]))
main.youtubev3videos.getVideos&200&items(main.getVideos&Input):::EXIT;return.snippet.thumbnails.maxres.width > size(return.contentDetails.regionRestriction.allowed[]);daikon.inv.binary.twoScalar.IntGreaterThan;(return.snippet.thumbnails.maxres.width, size(return.contentDetails.regionRestriction.allowed[..]))
main.youtubev3videos.getVideos&200&items(main.getVideos&Input):::EXIT;return.snippet.thumbnails.maxres.width > size(return.contentDetails.regionRestriction.blocked[]);daikon.inv.binary.twoScalar.IntGreaterThan;(return.snippet.thumbnails.maxres.width, size(return.contentDetails.regionRestriction.blocked[..]))
main.youtubev3videos.getVideos&200&items(main.getVideos&Input):::EXIT;return.snippet.thumbnails.maxres.width > size(return.snippet.tags[]);daikon.inv.binary.twoScalar.IntGreaterThan;(return.snippet.thumbnails.maxres.width, size(return.snippet.tags[..]))
main.youtubev3videos.getVideos&200&items(main.getVideos&Input):::EXIT;return.snippet.thumbnails.maxres.width > size(return.topicDetails.topicCategories[]);daikon.inv.binary.twoScalar.IntGreaterThan;(return.snippet.thumbnails.maxres.width, size(return.topicDetails.topicCategories[..]))
main.youtubev3videos.getVideos&200&items(main.getVideos&Input):::EXIT;return.snippet.thumbnails.medium.height > size(input.part[]);daikon.inv.binary.twoScalar.IntGreaterThan;(return.snippet.thumbnails.medium.height, size(input.part[..]))
main.youtubev3videos.getVideos&200&items(main.getVideos&Input):::EXIT;return.snippet.thumbnails.medium.height > size(input.id[]);daikon.inv.binary.twoScalar.IntGreaterThan;(return.snippet.thumbnails.medium.height, size(input.id[..]))
main.youtubev3videos.getVideos&200&items(main.getVideos&Input):::EXIT;return.snippet.thumbnails.medium.height > size(return.contentDetails.regionRestriction.allowed[]);daikon.inv.binary.twoScalar.IntGreaterThan;(return.snippet.thumbnails.medium.height, size(return.contentDetails.regionRestriction.allowed[..]))
main.youtubev3videos.getVideos&200&items(main.getVideos&Input):::EXIT;return.snippet.thumbnails.medium.height > size(return.contentDetails.regionRestriction.blocked[]);daikon.inv.binary.twoScalar.IntGreaterThan;(return.snippet.thumbnails.medium.height, size(return.contentDetails.regionRestriction.blocked[..]))
main.youtubev3videos.getVideos&200&items(main.getVideos&Input):::EXIT;return.snippet.thumbnails.medium.height > size(return.snippet.tags[]);daikon.inv.binary.twoScalar.IntGreaterThan;(return.snippet.thumbnails.medium.height, size(return.snippet.tags[..]))
main.youtubev3videos.getVideos&200&items(main.getVideos&Input):::EXIT;return.snippet.thumbnails.medium.height % size(return.topicDetails.topicCategories[]) == 0;daikon.inv.binary.twoScalar.NumericInt$Divides;(return.snippet.thumbnails.medium.height, size(return.topicDetails.topicCategories[..]))
main.youtubev3videos.getVideos&200&items(main.getVideos&Input):::EXIT;return.snippet.thumbnails.medium.height > size(return.topicDetails.topicCategories[]);daikon.inv.binary.twoScalar.IntGreaterThan;(return.snippet.thumbnails.medium.height, size(return.topicDetails.topicCategories[..]))
main.youtubev3videos.getVideos&200&items(main.getVideos&Input):::EXIT;return.snippet.thumbnails.medium.width > size(input.part[]);daikon.inv.binary.twoScalar.IntGreaterThan;(return.snippet.thumbnails.medium.width, size(input.part[..]))
main.youtubev3videos.getVideos&200&items(main.getVideos&Input):::EXIT;return.snippet.thumbnails.medium.width > size(input.id[]);daikon.inv.binary.twoScalar.IntGreaterThan;(return.snippet.thumbnails.medium.width, size(input.id[..]))
main.youtubev3videos.getVideos&200&items(main.getVideos&Input):::EXIT;return.snippet.thumbnails.medium.width > size(return.contentDetails.regionRestriction.allowed[]);daikon.inv.binary.twoScalar.IntGreaterThan;(return.snippet.thumbnails.medium.width, size(return.contentDetails.regionRestriction.allowed[..]))
main.youtubev3videos.getVideos&200&items(main.getVideos&Input):::EXIT;return.snippet.thumbnails.medium.width > size(return.contentDetails.regionRestriction.blocked[]);daikon.inv.binary.twoScalar.IntGreaterThan;(return.snippet.thumbnails.medium.width, size(return.contentDetails.regionRestriction.blocked[..]))
main.youtubev3videos.getVideos&200&items(main.getVideos&Input):::EXIT;return.snippet.thumbnails.medium.width > size(return.snippet.tags[]);daikon.inv.binary.twoScalar.IntGreaterThan;(return.snippet.thumbnails.medium.width, size(return.snippet.tags[..]))
main.youtubev3videos.getVideos&200&items(main.getVideos&Input):::EXIT;return.snippet.thumbnails.medium.width > size(return.topicDetails.topicCategories[]);daikon.inv.binary.twoScalar.IntGreaterThan;(return.snippet.thumbnails.medium.width, size(return.topicDetails.topicCategories[..]))
main.youtubev3videos.getVideos&200&items(main.getVideos&Input):::EXIT;return.snippet.thumbnails.standard.height > size(input.part[]);daikon.inv.binary.twoScalar.IntGreaterThan;(return.snippet.thumbnails.standard.height, size(input.part[..]))
main.youtubev3videos.getVideos&200&items(main.getVideos&Input):::EXIT;return.snippet.thumbnails.standard.height > size(input.id[]);daikon.inv.binary.twoScalar.IntGreaterThan;(return.snippet.thumbnails.standard.height, size(input.id[..]))
main.youtubev3videos.getVideos&200&items(main.getVideos&Input):::EXIT;return.snippet.thumbnails.standard.height > size(return.contentDetails.regionRestriction.allowed[]);daikon.inv.binary.twoScalar.IntGreaterThan;(return.snippet.thumbnails.standard.height, size(return.contentDetails.regionRestriction.allowed[..]))
main.youtubev3videos.getVideos&200&items(main.getVideos&Input):::EXIT;return.snippet.thumbnails.standard.height > size(return.contentDetails.regionRestriction.blocked[]);daikon.inv.binary.twoScalar.IntGreaterThan;(return.snippet.thumbnails.standard.height, size(return.contentDetails.regionRestriction.blocked[..]))
main.youtubev3videos.getVideos&200&items(main.getVideos&Input):::EXIT;return.snippet.thumbnails.standard.height > size(return.snippet.tags[]);daikon.inv.binary.twoScalar.IntGreaterThan;(return.snippet.thumbnails.standard.height, size(return.snippet.tags[..]))
main.youtubev3videos.getVideos&200&items(main.getVideos&Input):::EXIT;return.snippet.thumbnails.standard.height % size(return.topicDetails.topicCategories[]) == 0;daikon.inv.binary.twoScalar.NumericInt$Divides;(return.snippet.thumbnails.standard.height, size(return.topicDetails.topicCategories[..]))
main.youtubev3videos.getVideos&200&items(main.getVideos&Input):::EXIT;return.snippet.thumbnails.standard.height > size(return.topicDetails.topicCategories[]);daikon.inv.binary.twoScalar.IntGreaterThan;(return.snippet.thumbnails.standard.height, size(return.topicDetails.topicCategories[..]))
main.youtubev3videos.getVideos&200&items(main.getVideos&Input):::EXIT;return.snippet.thumbnails.standard.width > size(input.part[]);daikon.inv.binary.twoScalar.IntGreaterThan;(return.snippet.thumbnails.standard.width, size(input.part[..]))
main.youtubev3videos.getVideos&200&items(main.getVideos&Input):::EXIT;return.snippet.thumbnails.standard.width > size(input.id[]);daikon.inv.binary.twoScalar.IntGreaterThan;(return.snippet.thumbnails.standard.width, size(input.id[..]))
main.youtubev3videos.getVideos&200&items(main.getVideos&Input):::EXIT;return.snippet.thumbnails.standard.width > size(return.contentDetails.regionRestriction.allowed[]);daikon.inv.binary.twoScalar.IntGreaterThan;(return.snippet.thumbnails.standard.width, size(return.contentDetails.regionRestriction.allowed[..]))
main.youtubev3videos.getVideos&200&items(main.getVideos&Input):::EXIT;return.snippet.thumbnails.standard.width > size(return.contentDetails.regionRestriction.blocked[]);daikon.inv.binary.twoScalar.IntGreaterThan;(return.snippet.thumbnails.standard.width, size(return.contentDetails.regionRestriction.blocked[..]))
main.youtubev3videos.getVideos&200&items(main.getVideos&Input):::EXIT;return.snippet.thumbnails.standard.width > size(return.snippet.tags[]);daikon.inv.binary.twoScalar.IntGreaterThan;(return.snippet.thumbnails.standard.width, size(return.snippet.tags[..]))
main.youtubev3videos.getVideos&200&items(main.getVideos&Input):::EXIT;return.snippet.thumbnails.standard.width > size(return.topicDetails.topicCategories[]);daikon.inv.binary.twoScalar.IntGreaterThan;(return.snippet.thumbnails.standard.width, size(return.topicDetails.topicCategories[..]))
main.youtubev3videos.getVideos&200&items(main.getVideos&Input):::EXIT;return.statistics.dislikeCount in return.topicDetails.topicCategories[];daikon.inv.binary.sequenceString.MemberString;(return.statistics.dislikeCount, return.topicDetails.topicCategories[..])
main.youtubev3videos.getVideos&200&items(main.getVideos&Input):::EXIT;size(input.id[]) % size(return.contentDetails.regionRestriction.blocked[]) == 0;daikon.inv.binary.twoScalar.NumericInt$Divides;(size(input.id[..]), size(return.contentDetails.regionRestriction.blocked[..]))
main.youtubev3videos.getVideos&200&items(main.getVideos&Input):::EXIT;size(return.contentDetails.regionRestriction.allowed[]) != size(return.snippet.tags[])-1;daikon.inv.binary.twoScalar.IntNonEqual;(size(return.contentDetails.regionRestriction.allowed[..]), size(return.snippet.tags[..])-1)
main.youtubev3videos.getVideos&200&items(main.getVideos&Input):::EXIT;size(return.contentDetails.regionRestriction.allowed[]) >= size(return.topicDetails.topicCategories[])-1;daikon.inv.binary.twoScalar.IntGreaterEqual;(size(return.contentDetails.regionRestriction.allowed[..]), size(return.topicDetails.topicCategories[..])-1)
main.youtubev3videos.getVideos&200&items(main.getVideos&Input):::EXIT;size(return.contentDetails.regionRestriction.allowed[])-1 != size(return.snippet.tags[]);daikon.inv.binary.twoScalar.IntNonEqual;(size(return.contentDetails.regionRestriction.allowed[..])-1, size(return.snippet.tags[..]))
main.youtubev3videos.getVideos&200&items(main.getVideos&Input):::EXIT;size(return.contentDetails.regionRestriction.blocked[]) != size(return.snippet.tags[]);daikon.inv.binary.twoScalar.IntNonEqual;(size(return.contentDetails.regionRestriction.blocked[..]), size(return.snippet.tags[..]))
main.youtubev3videos.getVideos&200&items(main.getVideos&Input):::EXIT;size(return.contentDetails.regionRestriction.blocked[])-1 != size(return.snippet.tags[])-1;daikon.inv.binary.twoScalar.IntNonEqual;(size(return.contentDetails.regionRestriction.blocked[..])-1, size(return.snippet.tags[..])-1)
main.youtubev3videos.getVideos&200(main.getVideos&Input):::ENTER;input != null;daikon.inv.unary.scalar.NonZero;(input)
main.youtubev3videos.getVideos&200(main.getVideos&Input):::ENTER;input.part != null;daikon.inv.unary.scalar.NonZero;(input.part)
main.youtubev3videos.getVideos&200(main.getVideos&Input):::ENTER;input.chart == "mostPopular";daikon.inv.unary.string.OneOfString;(input.chart)
main.youtubev3videos.getVideos&200(main.getVideos&Input):::ENTER;input.maxResults >= 1;daikon.inv.unary.scalar.LowerBound;(input.maxResults)
main.youtubev3videos.getVideos&200(main.getVideos&Input):::ENTER;input.myRating one of { "dislike", "like" };daikon.inv.unary.string.OneOfString;(input.myRating)
main.youtubev3videos.getVideos&200(main.getVideos&Input):::ENTER;size(input.part[]) >= 1;daikon.inv.unary.scalar.LowerBound;(size(input.part[..]))
main.youtubev3videos.getVideos&200(main.getVideos&Input):::ENTER;size(input.id[]) >= 1;daikon.inv.unary.scalar.LowerBound;(size(input.id[..]))
main.youtubev3videos.getVideos&200(main.getVideos&Input):::ENTER;input.chart in input.id[];daikon.inv.binary.sequenceString.MemberString;(input.chart, input.id[..])
main.youtubev3videos.getVideos&200(main.getVideos&Input):::ENTER;input.myRating in input.id[];daikon.inv.binary.sequenceString.MemberString;(input.id[..], input.myRating)
main.youtubev3videos.getVideos&200(main.getVideos&Input):::ENTER;input.regionCode in input.id[];daikon.inv.binary.sequenceString.MemberString;(input.id[..], input.regionCode)
main.youtubev3videos.getVideos&200(main.getVideos&Input):::ENTER;input.videoCategoryId in input.id[];daikon.inv.binary.sequenceString.MemberString;(input.id[..], input.videoCategoryId)
main.youtubev3videos.getVideos&200(main.getVideos&Input):::ENTER;input.maxHeight > input.maxResults;daikon.inv.binary.twoScalar.IntGreaterThan;(input.maxHeight, input.maxResults)
main.youtubev3videos.getVideos&200(main.getVideos&Input):::ENTER;input.maxHeight != input.maxWidth;daikon.inv.binary.twoScalar.IntNonEqual;(input.maxHeight, input.maxWidth)
main.youtubev3videos.getVideos&200(main.getVideos&Input):::ENTER;input.maxHeight > size(input.part[]);daikon.inv.binary.twoScalar.IntGreaterThan;(input.maxHeight, size(input.part[..]))
main.youtubev3videos.getVideos&200(main.getVideos&Input):::ENTER;input.maxHeight > size(input.id[]);daikon.inv.binary.twoScalar.IntGreaterThan;(input.maxHeight, size(input.id[..]))
main.youtubev3videos.getVideos&200(main.getVideos&Input):::ENTER;input.maxResults < input.maxWidth;daikon.inv.binary.twoScalar.IntLessThan;(input.maxResults, input.maxWidth)
main.youtubev3videos.getVideos&200(main.getVideos&Input):::ENTER;input.maxWidth > size(input.part[]);daikon.inv.binary.twoScalar.IntGreaterThan;(input.maxWidth, size(input.part[..]))
main.youtubev3videos.getVideos&200(main.getVideos&Input):::ENTER;input.maxWidth > size(input.id[]);daikon.inv.binary.twoScalar.IntGreaterThan;(input.maxWidth, size(input.id[..]))
main.youtubev3videos.getVideos&200(main.getVideos&Input):::EXIT;input.maxResults == return.pageInfo.resultsPerPage;daikon.inv.binary.twoScalar.IntEqual;(input.maxResults, return.pageInfo.resultsPerPage)
main.youtubev3videos.getVideos&200(main.getVideos&Input):::EXIT;input != null;daikon.inv.unary.scalar.NonZero;(input)
main.youtubev3videos.getVideos&200(main.getVideos&Input):::EXIT;input.part != null;daikon.inv.unary.scalar.NonZero;(input.part)
main.youtubev3videos.getVideos&200(main.getVideos&Input):::EXIT;input.chart == "mostPopular";daikon.inv.unary.string.OneOfString;(input.chart)
main.youtubev3videos.getVideos&200(main.getVideos&Input):::EXIT;input.maxResults >= 1;daikon.inv.unary.scalar.LowerBound;(input.maxResults)
main.youtubev3videos.getVideos&200(main.getVideos&Input):::EXIT;input.myRating one of { "dislike", "like" };daikon.inv.unary.string.OneOfString;(input.myRating)
main.youtubev3videos.getVideos&200(main.getVideos&Input):::EXIT;return != null;daikon.inv.unary.scalar.NonZero;(return)
main.youtubev3videos.getVideos&200(main.getVideos&Input):::EXIT;return.items != null;daikon.inv.unary.scalar.NonZero;(return.items)
main.youtubev3videos.getVideos&200(main.getVideos&Input):::EXIT;return.items[] elements != null;daikon.inv.unary.sequence.EltNonZero;(return.items[..])
main.youtubev3videos.getVideos&200(main.getVideos&Input):::EXIT;return.kind == "youtube#videoListResponse";daikon.inv.unary.string.OneOfString;(return.kind)
main.youtubev3videos.getVideos&200(main.getVideos&Input):::EXIT;return.pageInfo != null;daikon.inv.unary.scalar.NonZero;(return.pageInfo)
main.youtubev3videos.getVideos&200(main.getVideos&Input):::EXIT;return.tokenPagination == null;daikon.inv.unary.scalar.OneOfScalar;(return.tokenPagination)
main.youtubev3videos.getVideos&200(main.getVideos&Input):::EXIT;size(input.part[]) >= 1;daikon.inv.unary.scalar.LowerBound;(size(input.part[..]))
main.youtubev3videos.getVideos&200(main.getVideos&Input):::EXIT;size(input.id[]) >= 1;daikon.inv.unary.scalar.LowerBound;(size(input.id[..]))
main.youtubev3videos.getVideos&200(main.getVideos&Input):::EXIT;input.chart in input.id[];daikon.inv.binary.sequenceString.MemberString;(input.chart, input.id[..])
main.youtubev3videos.getVideos&200(main.getVideos&Input):::EXIT;input.myRating in input.id[];daikon.inv.binary.sequenceString.MemberString;(input.id[..], input.myRating)
main.youtubev3videos.getVideos&200(main.getVideos&Input):::EXIT;input.regionCode in input.id[];daikon.inv.binary.sequenceString.MemberString;(input.id[..], input.regionCode)
main.youtubev3videos.getVideos&200(main.getVideos&Input):::EXIT;input.videoCategoryId in input.id[];daikon.inv.binary.sequenceString.MemberString;(input.id[..], input.videoCategoryId)
main.youtubev3videos.getVideos&200(main.getVideos&Input):::EXIT;return.nextPageToken in input.id[];daikon.inv.binary.sequenceString.MemberString;(input.id[..], return.nextPageToken)
main.youtubev3videos.getVideos&200(main.getVideos&Input):::EXIT;input.maxHeight > input.maxResults;daikon.inv.binary.twoScalar.IntGreaterThan;(input.maxHeight, input.maxResults)
main.youtubev3videos.getVideos&200(main.getVideos&Input):::EXIT;input.maxHeight != input.maxWidth;daikon.inv.binary.twoScalar.IntNonEqual;(input.maxHeight, input.maxWidth)
main.youtubev3videos.getVideos&200(main.getVideos&Input):::EXIT;input.maxHeight > return.pageInfo.resultsPerPage;daikon.inv.binary.twoScalar.IntGreaterThan;(input.maxHeight, return.pageInfo.resultsPerPage)
main.youtubev3videos.getVideos&200(main.getVideos&Input):::EXIT;input.maxHeight != return.pageInfo.totalResults;daikon.inv.binary.twoScalar.IntNonEqual;(input.maxHeight, return.pageInfo.totalResults)
main.youtubev3videos.getVideos&200(main.getVideos&Input):::EXIT;input.maxHeight > size(input.part[]);daikon.inv.binary.twoScalar.IntGreaterThan;(input.maxHeight, size(input.part[..]))
main.youtubev3videos.getVideos&200(main.getVideos&Input):::EXIT;input.maxHeight > size(input.id[]);daikon.inv.binary.twoScalar.IntGreaterThan;(input.maxHeight, size(input.id[..]))
main.youtubev3videos.getVideos&200(main.getVideos&Input):::EXIT;input.maxHeight > size(return.items[]);daikon.inv.binary.twoScalar.IntGreaterThan;(input.maxHeight, size(return.items[..]))
main.youtubev3videos.getVideos&200(main.getVideos&Input):::EXIT;input.maxResults < input.maxWidth;daikon.inv.binary.twoScalar.IntLessThan;(input.maxResults, input.maxWidth)
main.youtubev3videos.getVideos&200(main.getVideos&Input):::EXIT;input.maxResults != return.pageInfo.totalResults;daikon.inv.binary.twoScalar.IntNonEqual;(input.maxResults, return.pageInfo.totalResults)
main.youtubev3videos.getVideos&200(main.getVideos&Input):::EXIT;input.maxResults >= size(return.items[]);daikon.inv.binary.twoScalar.IntGreaterEqual;(input.maxResults, size(return.items[..]))
main.youtubev3videos.getVideos&200(main.getVideos&Input):::EXIT;input.maxWidth > return.pageInfo.resultsPerPage;daikon.inv.binary.twoScalar.IntGreaterThan;(input.maxWidth, return.pageInfo.resultsPerPage)
main.youtubev3videos.getVideos&200(main.getVideos&Input):::EXIT;input.maxWidth != return.pageInfo.totalResults;daikon.inv.binary.twoScalar.IntNonEqual;(input.maxWidth, return.pageInfo.totalResults)
main.youtubev3videos.getVideos&200(main.getVideos&Input):::EXIT;input.maxWidth > size(input.part[]);daikon.inv.binary.twoScalar.IntGreaterThan;(input.maxWidth, size(input.part[..]))
main.youtubev3videos.getVideos&200(main.getVideos&Input):::EXIT;input.maxWidth > size(input.id[]);daikon.inv.binary.twoScalar.IntGreaterThan;(input.maxWidth, size(input.id[..]))
main.youtubev3videos.getVideos&200(main.getVideos&Input):::EXIT;input.maxWidth > size(return.items[]);daikon.inv.binary.twoScalar.IntGreaterThan;(input.maxWidth, size(return.items[..]))
main.youtubev3videos.getVideos&200(main.getVideos&Input):::EXIT;return.pageInfo.resultsPerPage <= size(input.id[]);daikon.inv.binary.twoScalar.IntLessEqual;(return.pageInfo.resultsPerPage, size(input.id[..]))
main.youtubev3videos.getVideos&200(main.getVideos&Input):::EXIT;return.pageInfo.resultsPerPage >= size(input.id[])-1;daikon.inv.binary.twoScalar.IntGreaterEqual;(return.pageInfo.resultsPerPage, size(input.id[..])-1)
main.youtubev3videos.getVideos&200(main.getVideos&Input):::EXIT;return.pageInfo.resultsPerPage >= size(return.items[]);daikon.inv.binary.twoScalar.IntGreaterEqual;(return.pageInfo.resultsPerPage, size(return.items[..]))
main.youtubev3videos.getVideos&200(main.getVideos&Input):::EXIT;return.pageInfo.totalResults <= size(input.id[]);daikon.inv.binary.twoScalar.IntLessEqual;(return.pageInfo.totalResults, size(input.id[..]))
main.youtubev3videos.getVideos&200(main.getVideos&Input):::EXIT;return.pageInfo.totalResults >= size(input.id[])-1;daikon.inv.binary.twoScalar.IntGreaterEqual;(return.pageInfo.totalResults, size(input.id[..])-1)
main.youtubev3videos.getVideos&200(main.getVideos&Input):::EXIT;return.pageInfo.totalResults >= size(return.items[]);daikon.inv.binary.twoScalar.IntGreaterEqual;(return.pageInfo.totalResults, size(return.items[..]))
main.youtubev3videos.getVideos&200(main.getVideos&Input):::EXIT;size(input.id[]) >= size(return.items[]);daikon.inv.binary.twoScalar.IntGreaterEqual;(size(input.id[..]), size(return.items[..]))
main.youtubev3videos.getVideos&200(main.getVideos&Input):::EXIT;size(input.id[])-1 <= size(return.items[]);daikon.inv.binary.twoScalar.IntLessEqual;(size(input.id[..])-1, size(return.items[..]))
main.youtubev3videos.getVideos&200(main.getVideos&Input):::EXIT;size(input.id[])-1 >= size(return.items[])-1;daikon.inv.binary.twoScalar.IntGreaterEqual;(size(input.id[..])-1, size(return.items[..])-1)
